score: 25.529678
duration: 424.241021
