score: 0.000000
duration: 2.142412
