score: 24.632206
duration: 449.225824
